Weather Station,Measurements,Data Source,Output Format,Alarm,Pressure,Temperature,Wind Speed,Internet,Demo,External Services,Text,Web Server,File,Format,Language,XML,HTML,Plain Text,English,German,Freeze Point,Storm Alert
1,1,1,0,1,0,0,1,1,0,1,0,1,0,0,1,1,0,1,1,1,1,1,
1,1,1,0,1,0,1,0,1,0,0,1,1,0,1,0,1,1,0,1,1,0,1,
1,0,0,1,1,0,0,1,1,0,1,0,1,0,1,0,1,1,0,1,0,1,1,
1,0,0,1,1,0,0,1,1,1,0,0,1,0,1,0,1,0,1,0,0,0,1,
1,0,1,1,1,1,0,0,1,0,0,1,1,0,0,1,1,1,0,0,0,0,1,
1,0,0,1,1,0,1,0,1,0,0,1,1,0,0,1,1,0,1,1,0,1,1,
1,0,1,1,1,0,0,1,1,0,0,1,1,1,0,0,1,0,1,1,1,1,1,
1,1,0,0,1,0,1,0,1,0,1,0,1,1,0,0,1,1,0,0,0,0,1,
1,1,1,0,1,0,1,0,1,1,0,0,1,0,0,1,1,1,0,1,1,1,1,
1,0,1,0,1,1,0,0,1,0,1,0,1,1,0,0,1,0,1,1,1,1,1,
1,1,0,1,1,1,0,0,1,1,0,0,1,0,1,0,1,_15703,_16407,_17111,0,_18519,1,